351912904792
351968714478
351915684450
351936100779
351912067461
351910602995
351920108868
351916607628
351910257579
351969044888
351919371165
351936859602
351965546178
351965584433
351933560435
351916550207
351938900840
351968129942
351925174006
351913465035
351910820957
351916539314
351966777999
351965599895
351925637214
351966690885
351934616282
351925800323
351917816276
351913178388
351910277488
351913143559
351914573556
351965397287
351917024403
351919664481
351912116333
351964092855
351963162459
351930484135
351912497855
351963486296
351912389435
351964645212
351936929275
351968602411
351925415530
351966603062
351969403866
351919637529
351961260000
351912961065
351927098066
351915717883
351917770497
351919017740
351914947494
351961822239
351932688794
351963533593
351930462373
351967883492
351964224407
351965036420
351919255932
351919373709
351910153807
351966528869
351911050308
351912258743
351918452662
351911944957
351915721684
351932458309
351916538277
351966971450
351934276707
351925212651
351919687921
351968562508
351918400178
351913343073
351964248596
351916652792
351961567473
351918689865
351961860481
351925062809
351964509528
351919569304
351964876090
351967655031
351934003919
351919741619
351914880800
351933821345
351917404775
351933422286
351918369132
351920059343
351918413087
351911175753
351917847434
351910157234
351911888337
351910080780
351919158359
351960464342
351913688618
351913179397
351918527701
351963818305
351920144159
351924371102
351935276840
351967472499
351913656383
351915815506
351915805580
351917220531
351932478109
351932843541
351962190399
351933071322
351931430269
351916794662
351968256548
351969006521
351967738700
351926088426
351964219761
351925209589
351915151866
351925596537
351917565773
351918855348
351963191275
351914134269
351912751938
351911138718
351961675898
351968864083
351932889446
351963247427
351963957395
351962938073
351919353824
351934885766
351918836841
351920396048
351967983438
351932776884
351920187625
351962363058
351916338478
351916219310
351913285370
351962101251
351917743520
351913943119
351910920554
351910028201
351915914140
351918910056
351914249144
351924452434
351916502391
351914243083
351914149586
351914880761
351965029330
351969802157
351912469433
351936838002
351934837822
351913573498
351967932418
351926124210
351916792700
351914045111
351969566357
351932765772
351964206271
351919757754
351968520425
351965837032
351966421223
351914258677
351918070128
351966230861
351962784754
351919116465
351969822604
351920350560
351910753444
351932564213
351919775906
351916666150
351914608420
351967812759
351917448833
351962349264
351913080880
351937151651
351920174407
351913128510
351924081157
351966372370
351910108018
351918266049
351938989137
351962943737
351913785639
351916692735
351911812977
351969284924
351912974628
351917447043
351913362608
351963535423
351938145600
351912646057
351962826463
351910029350
351967664676
351913848387
351962956702
351910444364
351917289956
351910537938
351938271156
351911111823
351920121988
351911734350
351938245947
351963163687
351936064094
351916223412
351965240898
351964025279
351934772294
351913057613
351912780128
351919496247
351934776384
351962109217
351931401385
351937649737
351925616437
351963347657
351968667199
351925148060
351934258557
351968083362
351918135511
351914098613
351968894230
351963137925
351911910025
351932833335
351919823683
351935884647
351917358551
351967896112
351967739465
351919694388
351912511258
351936742760
351968053665
351962666665
351925688830
351912708646
351924188461
351938293047
351910850796
351926018915
351926081926
351916775353
351969669969
351968084510
351915174579
351963253654
351932819322
351913308144
351919642351
351920239729
351918296744
351911536118
351938220304
351910075317
351965467695
351917970017
351924064594
351963177828
351912163099
351933305015
351912103328
351916944511
351962929403
351933350464
351968129023
351914054308
351966508717
351934268266
351933653079
351966386708
351966453732
351932784006
351910265276
351916040658
351963161175
351961302390
351916562627
351915228844
351960019035
351938635797
351920493934
351966928032
351919999426
351924244854
351915346431
351961141629
351937749064
351937644803
351961746077
351960017735
351964966196
351960383851
351969058333
351910740236
351930439138
351917041011
351964084373
351920215101
351919244648
351937055222
351968318848
351936550420
351963104213
351967140773
351911594713
351912237083
351917597174
351934190848
351934597591
351961840923
351918890511
351917230508
351910444394
351964289855
351926089342
351966451199
351914787994
351968823592
351963356708
351932756378
351965267559
351913030079
351911792846
351915989255
351968707920
351912671046
351935012249
351915786653
351968027999
351918310041
351919438930
351962425488
351934509136
351968601844
351966912373
351964633690
351918400764
351964660969
351911119856
351917919073
351918909834
351910774364
351966080507
351920198999
351920593216
351936064101
351966330337
351913359880
351912020001
351916445895
351912683713
351918390753
351925155940
351918240944
351913955619
351925251664
351912724708
351934586486
351914577614
351912486396
351963097385
351964649740
351967001600
351966652525
351919972497
351960263310
351912172007
351916438003
351934860422
351968503602
351967825207
351910393704
351969836043
351967610742
351935058975
351913401967
351911969489
351934639857
351912093323
351932792969
351918849614
351920483096
351964229463
351919666494
351910257749
351917237735
351913033013
351914732014
351967793692
351963590094
351919871612
351911082766
351912759747
351934883500
351920121918
351920011751
351969701361
351934845319
351920088766
351914926908
351910319855
351916101172
351961300218
351965415249
351967862283
351937525955
351924257934
351920403897
351939779754
351938767039
351913326999
351967965391
351966475751
351969072747
351925595959
351919213027
351962935874
351934193936
351914461020
351913066961
351910755463
351966056669
351913054110
351961579963
351967936128
351910743335
351967575749
351960265874
351918555070
351961566210
351935961798
351966491914
351966167648
351961741031
351966519001
351918769465
351917662201
351912147886
351920171564
351916491959
351963717320
351966858563
351911594332
351938844498
351930454361
351925268200
351924222114
351916548286
351915729100
351913996008
351966942263
351910670168
351926626698
351910129982
351910044505
351911734961
351915961298
351918614730
351962783007
351915788349
351913127911
351916867956
351967985330
351912784000
351919650454
351912460666
351920033577
351917884918
351910884430
351963021356
351963854339
351964710613
351919322475
351962490921
351934043405
351968897389
351912667947
351925886986
351963867728
351917824299
351968224484
351913550690
351961755470
351913983537
351912444006
351932087462
351910781391
351926239216
351919932701
351915870388
351910911599
351963015272
351910297598
351919673538
351917593965
351919363449
351960279061
351965673288
351912174816
351913783905
351936234630
351925719975
351939817747
351965643211
351912983421
351936240463
351919441456
351912231479
351925158451
351924355533
351966461400
351915304762
351925630022
351963161354
351919168377
351911596022
351935188023
351912188716
351924398018
351934154167
351915217034
351962316932
351916167623
351968392133
351966441119
351918054314
351916051338
351926416981
351917732754
351916991956
351915987806
351912640146
351963812244
351919978433
351911175704
351910996438
351913218441
351917740699
351926569683
351939872093
351967616372
351933851994
351933568598
351920394711
351925757577
351910528244
351916360185
351920108686
351931432969
351918852989
351925998235
351963869385
351914597592
351939818804
351920501903
351936665522
351968688348
351920012622
351915351940
351964569178
351966941574
351910378804
351933780224
351920497280
351911582881
351912865531
351964142623
351934000004
351916110635
351964248747
351913815044
351964177066
351930409991
351919808897
351933367179
351919669575
351917500619
351964549678
351936935399
351918420419
351925796336
351918862873
351936732743
351912061759
351964195278
351936064812
351963815442
351932469714
351918686569
351912603777
351920041235
351920139745
351911998929
351965431255
351911054055
351926493666
351967030691
351910516876
351938868125
351920433660
351913997764
351918734009
351914252364
351917078890
351963956020
351915131878
351914151521
351920350266
351920009160
351910963978
351924482925
351910629588
351964286033
351925932165
351932942356
351920304613
351916443150
351912829835
351961360982
351968344592
351911565285
351969421955
351965635500
351913940953
351916049760
351916262879
351936192704
351914397854
351912155558
351926058592
351919944656
351913446738
351914685084
351965846412
351967559115
351917033035
351912899924
351967144784
351931308277
351968342817
351912814153
351912866543
351912617088
351965865843
351919805475
351961348940
351932186710
351910759613
351917541176
351919700426
351965377883
351919047397
351968634398
351912726541
351913094863
351932603038
351915767133
351960411683
351966256785
351968358579
351969882587
351934291734
351914934212
351968038571
351938019217
351913509466
351932303576
351910794715
351967175206
351932695705
351938527112
351964429545
351915111080
351966444068
351917188647
351914393200
351935188303
351931919700
351964553954
351913394983
351932456700
351963960076
351939877195
351939328640
351967700404
351920365966
351917362346
351935163885
351913385202
351910273183
351916542127
351936268158
351924455996
351963045889
351920399388
351916005664
351966008465
351917072427
351932426164
351932543577
351919541306
351913238066
351920434220
351933588314
351916550736
351917338060
351961860313
351967786448
351965585519
351934095100
351926016543
351914657857
351917637055
351968318117
351964115472
351965512097
351937263454
351932468298
351932971937
351964180145
351912328802
351937783360
351920062721
351967229319
351915705151
351934895404
351919115584
351919035665
351920398941
351919606343
351963761181
351913629967
351936197232
351914143521
351917015107
351961416468
351916906616
351913239211
351939628960
351920296985
351919691680
351968111742
351918384909
351960330906
351938076001
351963975177
351918400963
351966545251
351913485501
351913833326
351937422606
351962303785
351919318771
351917859105
351916911099
351914324929
351920499250
351968809981
351916962831
351913572919
351936324595
351962055891
351914941171
351911056034
351933304548
351913714947
351935474838
351918761567
351966899510
351932496474
351915948386
351967000823
351967221709
351917317612
351920417937
351966530643
351963973393
351964378703
351961207980
351919317331
351912607396
351917303032
351934718432
351961143144
351936185564
351967452866
351912159543
351910049077
351913179243
351915148947
351914550150
351913324591
351931608634
351934467485
351963019910
351916662000
351968682253
351911713295
351914618290
351910965005
351917914480
351920196824
351965024234
351962159825
351969662047
351963122256
351938749724
351964977324
351963732421
351912255212
351936839208
351935320826
351934566714
351914005643
351931608474
351918549967
351910214395
351919504266
351910211658
351968102467
351915103301
351962356885
351910436633
351919564522
351965438543
351964349795
351912383561
351930460594
351965563577
351926322603
351911546594
351912560921
351968462988
351932133050
351966812717
351917444015
351919232095
351912875122
351917492797
351919179310
351912517009
351917375223
351968602851
351933944763
351962420031
351937081911
351914168435
351924142650
351914358192
351919037548
351912472277
351925945568
351968918139
351912413417
351962381903
351960207103
351918906714
351938934110
351961909660
351961426019
351918875372
351910668279
351910456790
351910572402
351964538801
351936371978
351912018443
351920129954
351966142098
351939333166
351966058825
351917334233
351916561092
351910911978
351919069829
351961383368
351910440200
351963476046
351964392305
351969820479
351937422140
351916475728
351932799496
351932102046
351933792708
351925402098
351916342592
351938507584
351912572933
351926077418
351915022782
351966151257
351965109148
351916107494
351963880629
351919370213
351963823916
351925687986
351934222658
351968222043
351911594810
351919914293
351966862815
351962485115
351920349948
351968621981
351913840385
351932339532
351962064188
351964333744
351965347434
351911835134
351913318021
351960043024
351933634400
351910624900
351925554225
351962390782
351966982326
351966036237
351912660950
351915284888
351962995818
351962450227
351966949555
351938273936
351912903746
351961112676
351961086197
351925813427
351967707735
351967844526
351912202338
351918163362
351912439386
351919120965
351916103151
351965260288
351933268068
351920060198
351914987464
351934325443
351915918406
351913757592
351962475917
351916707461
351965629643
351963877243
351917140727
351913149871
351962554159
351910654902
351914844426
351920578612
351933786706
351918589775
351962554914
351912311077
351918320555
351962057562
351915176735
351924418245
351915661630
351963446599
351924188540
351917675607
351967535671
351910360818
351913952845
351910132833
351963205348
351932820676
351968561398
351910125976
351932799920
351961738740
351937911744
351964677188
351910090247
351926534847
351934579793
351912394512
351915521561
351932969587
351911000111
351912723111
351918283161
351966089684
351965037582
351939554086
351933555440
351962910700
351916808192
351961144399
