447561885151
447513879193
447759619791
447742634470
447730301388
447519902741
447561893311
447803373641
85254909197
447742634402
6593677754
6591885584
6581214583
6584443271
6596234896
6587112107
6591002592
6594529496
6590306573
6586662727
6583431621
6594881982
6596613661
6592306421
6581989053
6597589029
6590274460
6587939441
6586170435
6586941040
6590103483
6583234823
6580287087
6591559603
6581863445
6591865902
6591883338
6598355432
6591846398
6593289818
6590256628
6597278723
6585556668
6593283286
6593882555
6590250080
6596130600
6596317097
6592958088
6598169394
6592719000
6582927061
6588761173
6591882493
6591091837
6591570865
6593892345
6597683554
6590277559
6596990732
6591801477
6593214713
6585180186
6597862985
6591833087
6587179256
6583680096
6596647469
6596649647
6593883859
6597206661
6591071999
6593275674
6586969834
6598008126
6596570872
6581343983
6597787978
6597721334
6596903025
6581864793
6581861280
6596544110
6597275236
6591837893
6596543269
6588475611
6592701713
6596179111
6597535652
6598344309
6585222594
6585331935
6593289826
6598581606
6598072398
6597204017
6591733012
6598391970
6591519176
6594883723
6584955590
6591071991
6591072822
6591885954
6593872780
6585226905
6583222486
6591191197
6596440999
6591890075
6597682656
6591197729
6581983704
6587980930
6591910202
6592213962
6588182312
6594889079
6581631644
6590307809
6597513864
6585524358
6596732884
6590478638
6596640883
6591070639
6586967643
6598264504
6591777014
6598399048
6594367005
6598356788
6597684841
6596170791
6584287483
6581210119
6596507156
6589503855
6591720121
6585226920
6591769877
6583107636
6583686678
6592390267
6596508010
6596265506
6598264996
6586941025
6587276695
6592966997
6583430387
6593220558
6597868235
6582223305
6594880247
6593863811
6590258822
6597884703
6581280436
6581094640
6596647016
6592393786
6598265855
6583222453
6583394325
6597597043
6596880354
6596994285
6583182055
6598355485
6594884612
6597868221
6593592757
6593977639
6590252299
6590255323
6592305970
6597114675
6581639159
6583605387
6585227759
6593958564
6590622117
6597279666
6591770810
6596512138
6582920131
6584957845
6581306187
6596310981
6596170225
6594882487
6592958918
6593214300
6586175639
6596309512
6596958168
6584098601
6590018852
6592709282
6587937710
6596263778
6581181198
6589096445
6583666615
6596501485
6586176966
6592715977
6591558367
6594895324
6591837966
6588147244
6594330154
6593386561
6583489029
6592998142
6594886849
6597516131
6596514321
6586667517
6583239331
6598361258
6581240385
6591557487
6590431632
6590600786
6581127641
6596163951
6591739198
6588952535
6594691960
6588954723
6592218354
6581137010
6596192031
6590254389
6596169267
6591231704
6582927914
6598166247
6592992811
6598538735
6591883889
6594778282
6587529190
6584487776
6590212551
6588242535
6591649697
6581216285
6583224277
6591196971
6598934125
6590213407
6590042950
6590041614
6592301212
6592710255
6596447547
