351938048008
351912904792
351968714478
351915684450
351936100779
351912067461
351910602995
351920108868
351916607628
351910257579
351969044888
351919371165
351936859602
351965546178
351965584433
351933560435
351916550207
351938900840
351968129942
351925174006
351913465035
351910820957
351916539314
351966777999
351965599895
351925637214
351966690885
351934616282
351925800323
351917816276
351913178388
351910277488
351913143559
351914573556
351965397287
351917024403
351919664481
351912116333
351964092855
351963162459
351930484135
351912497855
351963486296
351912389435
351964645212
351936929275
351968602411
351925415530
351966603062
351969403866
351919637529
351961260000
351912961065
351927098066
351915717883
351917770497
351919017740
351914947494
351961822239
351932688794
351963533593
351930462373
351967883492
351964224407
351965036420
351919255932
351919373709
351910153807
351966528869
351911050308
351912258743
351918452662
351911944957
351915721684
351932458309
351916538277
351966971450
351934276707
351925212651
351919687921
351968562508
351918400178
351913343073
351964248596
351916652792
351961567473
351918689865
351961860481
351925062809
351964509528
351919569304
351964876090
351967655031
351934003919
351919741619
351914880800
351933821345
351917404775
351933422286
351918369132
351920059343
351918413087
351911175753
351917847434
351910157234
351911888337
351910080780
351919158359
351960464342
351913688618
351913179397
351918527701
351963818305
351920144159
351924371102
351935276840
351967472499
351913656383
351915815506
351915805580
351917220531
351932478109
351932843541
351962190399
351933071322
351931430269
351916794662
351968256548
351969006521
351967738700
351926088426
351964219761
351925209589
351915151866
351925596537
351917565773
351918855348
351963191275
351914134269
351912751938
351911138718
351961675898
351968864083
351932889446
351963247427
351963957395
351962938073
351919353824
351934885766
351918836841
351920396048
351967983438
351932776884
351920187625
351962363058
351916338478
351916219310
351913285370
351962101251
351917743520
351913943119
351910920554
351910028201
351915914140
351918910056
351914249144
351924452434
351916502391
351914243083
351914149586
351914880761
351965029330
351969802157
351912469433
351936838002
351934837822
351913573498
351967932418
351926124210
351916792700
351914045111
351969566357
351932765772
351964206271
351919757754
351968520425
351965837032
351966421223
351914258677
351918070128
351966230861
351962784754
351919116465
351969822604
351920350560
351910753444
351932564213
351919775906
351916666150
351914608420
351967812759
351917448833
351962349264
351913080880
351937151651
351920174407
351913128510
351924081157
351966372370
351910108018
351918266049
351938989137
351962943737
351913785639
351916692735
351911812977
351969284924
351912974628
351917447043
351913362608
351963535423
351938145600
351912646057
351962826463
351910029350
351967664676
351913848387
351962956702
351910444364
351917289956
351910537938
351938271156
351911111823
351920121988
351911734350
351938245947
351963163687
351936064094
351916223412
351965240898
351964025279
351934772294
351913057613
351912780128
351919496247
351934776384
351962109217
351931401385
351937649737
351925616437
351963347657
351968667199
351925148060
351934258557
351968083362
351918135511
351914098613
351968894230
351963137925
351911910025
351932833335
351919823683
351935884647
351917358551
351967896112
351967739465
351919694388
351912511258
351936742760
351968053665
351962666665
351925688830
351912708646
351924188461
351938293047
351910850796
351926018915
351926081926
351916775353
351969669969
351968084510
351915174579
351963253654
351932819322
351913308144
351919642351
351920239729
351918296744
351911536118
351938220304
351910075317
351965467695
351917970017
351924064594
351963177828
351912163099
351933305015
351912103328
351916944511
351962929403
351933350464
351968129023
351914054308
351966508717
351934268266
351933653079
351966386708
351966453732
351932784006
351910265276
351916040658
351963161175
351961302390
351916562627
351915228844
351960019035
351938635797
351920493934
351966928032
351919999426
351924244854
351915346431
351961141629
351937749064
351937644803
351961746077
351960017735
351964966196
351960383851
351969058333
351910740236
351930439138
351917041011
351964084373
351920215101
351919244648
351937055222
351968318848
351936550420
351963104213
351967140773
351911594713
351912237083
351917597174
351934190848
351934597591
351961840923
351918890511
351917230508
351910444394
351964289855
351926089342
351966451199
351914787994
351968823592
351963356708
351932756378
351965267559
351913030079
351911792846
351915989255
351968707920
351912671046
351935012249
351915786653
351968027999
351918310041
351919438930
351962425488
351934509136
351968601844
351966912373
351964633690
351918400764
351964660969
351911119856
351917919073
351918909834
351910774364
351966080507
351920198999
351920593216
351936064101
351966330337
351913359880
351912020001
351916445895
351912683713
351918390753
351925155940
351918240944
351913955619
351925251664
351912724708
351934586486
351914577614
351912486396
351963097385
351964649740
351967001600
351966652525
351919972497
351960263310
351912172007
351916438003
351934860422
351968503602
351967825207
351910393704
351969836043
351967610742
351935058975
351913401967
351911969489
351934639857
351912093323
351932792969
351918849614
351920483096
351964229463
351919666494
351910257749
351917237735
351913033013
351914732014
351967793692
351963590094
351919871612
351911082766
351912759747
351934883500
351920121918
351920011751
351969701361
351934845319
351920088766
351914926908
351910319855
351916101172
351961300218
351965415249
351967862283
351937525955
351924257934
351920403897
351939779754
351938767039
351913326999
351967965391
351966475751
351969072747
351925595959
351919213027
351962935874
351934193936
351914461020
351913066961
351910755463
351966056669
351913054110
351961579963
351967936128
351910743335
351967575749
351960265874
351918555070
351961566210
351935961798
351966491914
351966167648
351961741031
351966519001
351918769465
351917662201
351912147886
351920171564
351916491959
351963717320
351966858563
351911594332
351938844498
351930454361
351925268200
351924222114
351916548286
351915729100
351913996008
351966942263
351910670168
351926626698
351910129982
351910044505
351911734961
351915961298
351918614730
351962783007
351915788349
351913127911
351916867956
351967985330
351912784000
351919650454
351912460666
351920033577
351917884918
351910884430
351963021356
351963854339
351964710613
351919322475
351962490921
351934043405
351968897389
351912667947
351925886986
351963867728
351917824299
351968224484
351913550690
351961755470
351913983537
351912444006
351932087462
351910781391
351926239216
351919932701
351915870388
351910911599
351963015272
351910297598
351919673538
351917593965
351919363449
351960279061
351965673288
351912174816
351913783905
351936234630
351925719975
351939817747
351965643211
351912983421
351936240463
351919441456
351912231479
351925158451
351924355533
351966461400
351915304762
351925630022
351963161354
351919168377
351911596022
351935188023
351912188716
351924398018
351934154167
351915217034
351962316932
351916167623
351968392133
351966441119
351918054314
351916051338
351926416981
351917732754
351916991956
351915987806
351912640146
351963812244
351919978433
351911175704
351910996438
351913218441
351917740699
351926569683
351939872093
351967616372
351933851994
351933568598
351920394711
351925757577
351910528244
351916360185
351920108686
351931432969
351918852989
351925998235
351963869385
351914597592
351939818804
351920501903
351936665522
351968688348
351920012622
351915351940
351964569178
351966941574
351910378804
351933780224
351920497280
351911582881
351912865531
351964142623
351934000004
351916110635
351964248747
351913815044
351964177066
351930409991
351919808897
351933367179
351919669575
351917500619
351964549678
351936935399
351918420419
351925796336
351918862873
351936732743
351912061759
351964195278
351936064812
351963815442
351932469714
351918686569
351912603777
351920041235
351920139745
351911998929
351965431255
351911054055
351926493666
351967030691
351910516876
351938868125
351920433660
351913997764
351918734009
351914252364
351917078890
351963956020
351915131878
351914151521
351920350266
351920009160
351910963978
351924482925
351910629588
351964286033
351925932165
351932942356
351920304613
351916443150
351912829835
351961360982
351968344592
351911565285
351969421955
351965635500
351913940953
351916049760
351916262879
351936192704
351914397854
351912155558
351926058592
351919944656
351913446738
351914685084
351965846412
351967559115
351917033035
351912899924
351967144784
351931308277
351968342817
351912814153
351912866543
351912617088
351965865843
351919805475
351961348940
351932186710
351910759613
351917541176
351919700426
351965377883
351919047397
351968634398
351912726541
351913094863
351932603038
351915767133
351960411683
351966256785
351968358579
351969882587
351934291734
351914934212
351968038571
351938019217
351913509466
351932303576
351910794715
351967175206
351932695705
351938527112
351964429545
351915111080
351966444068
351917188647
351914393200
351935188303
351931919700
351964553954
351913394983
351932456700
351963960076
351939877195
351939328640
351967700404
351920365966
351917362346
351935163885
351913385202
351910273183
351916542127
351936268158
351924455996
351963045889
351920399388
351916005664
351966008465
351917072427
351932426164
351932543577
351919541306
351913238066
351920434220
351933588314
351916550736
351917338060
351961860313
351967786448
351965585519
351934095100
351926016543
351914657857
351917637055
351968318117
351964115472
351965512097
351937263454
351932468298
351932971937
351964180145
351912328802
351937783360
351920062721
351967229319
351915705151
351934895404
351919115584
351919035665
351920398941
351919606343
351963761181
351913629967
351936197232
351914143521
351917015107
351961416468
351916906616
351913239211
351939628960
351920296985
351919691680
351968111742
351918384909
351960330906
351938076001
351963975177
351918400963
351966545251
351913485501
351913833326
351937422606
351962303785
351919318771
351917859105
351916911099
351914324929
351920499250
351968809981
351916962831
351913572919
351936324595
351962055891
351914941171
351911056034
351933304548
351913714947
351935474838
351918761567
351966899510
351932496474
351915948386
351967000823
351967221709
351917317612
351920417937
351966530643
351963973393
351964378703
351961207980
351919317331
351912607396
351917303032
351934718432
351961143144
351936185564
351967452866
351912159543
351910049077
351913179243
351915148947
351914550150
351913324591
351931608634
351934467485
351963019910
351916662000
351968682253
351911713295
351914618290
351910965005
351917914480
351920196824
351965024234
351962159825
351969662047
351963122256
351938749724
351964977324
351963732421
351912255212
351936839208
351935320826
351934566714
351914005643
351931608474
351918549967
351910214395
351919504266
351910211658
351968102467
351915103301
351962356885
351910436633
351919564522
351965438543
351964349795
351912383561
351930460594
351965563577
351926322603
351911546594
351912560921
351968462988
351932133050
351966812717
351917444015
351919232095
351912875122
351917492797
351919179310
351912517009
351917375223
351968602851
351933944763
351962420031
351937081911
351914168435
351924142650
351914358192
351919037548
351912472277
351925945568
351968918139
351912413417
351962381903
351960207103
351918906714
351938934110
351961909660
351961426019
351918875372
351910668279
351910456790
351910572402
351964538801
351936371978
351912018443
351920129954
351966142098
351939333166
351966058825
351917334233
351916561092
351910911978
351919069829
351961383368
351910440200
351963476046
351964392305
351969820479
351937422140
351916475728
351932799496
351932102046
351933792708
351925402098
351916342592
351938507584
351912572933
351926077418
351915022782
351966151257
351965109148
351916107494
351963880629
351919370213
351963823916
351925687986
351934222658
351968222043
351911594810
351919914293
351966862815
351962485115
351920349948
351968621981
351913840385
351932339532
351962064188
351964333744
351965347434
351911835134
351913318021
351960043024
351933634400
351910624900
351925554225
351962390782
351966982326
351966036237
351912660950
351915284888
351962995818
351962450227
351966949555
351938273936
351912903746
351961112676
351961086197
351925813427
351967707735
351967844526
351912202338
351918163362
351912439386
351919120965
351916103151
351965260288
351933268068
351920060198
351914987464
351934325443
351915918406
351913757592
351962475917
351916707461
351965629643
351963877243
351917140727
351913149871
351962554159
351910654902
351914844426
351920578612
351933786706
351918589775
351962554914
351912311077
351918320555
351962057562
351915176735
351924418245
351915661630
351963446599
351924188540
351917675607
351967535671
351910360818
351913952845
351910132833
351963205348
351932820676
351968561398
351910125976
351932799920
351961738740
351937911744
351964677188
351910090247
351926534847
351934579793
351912394512
351915521561
351932969587
351911000111
351912723111
351918283161
351966089684
351965037582
351939554086
351933555440
351962910700
351916808192
351961144399
351934318967
351914205651
351963289916
351934497709
351915163987
351918945504
351919540473
351919264691
351936753446
351966158065
351968641139
351967772285
351912042656
351936491457
351919553402
351912044269
351965756324
351930566403
351912786286
351912512717
351919055430
351939029214
351913114626
351931461181
351964612846
351924259872
351961710200
351934595517
351919579670
351918858624
351913457644
351912399661
351916980160
351926867260
351939607588
351917190552
351964403069
351967719322
351911175804
351915607162
351926260933
351966471853
351920347720
351965112394
351939609912
351967512624
351965689720
351919501477
351910549029
351925720687
351914985565
351937718118
351964984271
351910249151
351914711249
351919650857
351917419262
351967979626
351926615153
351933901226
351917459579
351962713552
351962732172
351963780933
351961551187
351915018070
351911786754
351917747423
351968631726
351910771782
351934971130
351916460866
351960323790
351926333647
351919085259
351917278119
351920383507
351964345931
351927127214
351924073670
351920155931
351926143424
351915729955
351932686289
351969596982
351918115820
351914960324
351925925326
351911967614
351965850346
351911908936
351965384336
351915667758
351919299484
351912987604
351965018322
351963080598
351910294799
351938325343
351912328102
351919313646
351935687241
351925479944
351917640876
351960269965
351963198723
351933307187
351935294250
351915074069
351924056841
351938462120
351911960497
351969883164
351917085243
351936709516
351917012326
351935682258
351967519441
351910261695
351968293748
351918435750
351913957095
351913339097
351933288716
351936668677
351915496271
351912648332
351911886951
351912105077
351913623795
351913067012
351966356147
351962388900
351913821901
351912915886
351962037916
351914211946
351963698507
351964295623
351913928240
351964383377
351913429776
351966507686
351926893538
351931301802
351963625606
351965860309
351932347189
351913437147
351916773774
351963261519
351915661947
351938115938
351918632412
351962739279
351912739399
351917363545
351915727983
351924408997
351920521990
351917666988
351912894088
351934114826
351934155631
351911922731
351961071348
351913097661
351968873333
351935268117
351931124898
351967606305
351910279654
351963761904
351966868815
351914546346
351964105780
351963056199
351916596468
351963528381
351960417271
351914795413
351911972541
351936818110
351916561978
351963560276
351910397677
351932945417
351915534448
351917307017
351961075023
351938860858
351966045350
351926494294
351938881885
351910831222
351967035733
351920086707
351912923959
351967506214
351919462722
351913568693
351968209449
351916151962
351933414198
351961926552
351926742451
351963238906
351962652148
351911994514
351934101195
351937259042
351968344417
351913358538
351910815451
351932488137
351920218770
351920599418
351968030214
351966268674
351937476157
351920406386
351918341759
351910476835
351919366898
351914824080
351925805551
351918205789
351912198974
351916336047
351910988699
351920581907
351917552808
351912975423
351918461774
351912855854
351924315525
351933467185
351967874484
351912847424
351919331787
351936157874
351920089102
351936495912
351919247903
351968585804
351914323181
351963846863
351914925124
351910542644
351916301615
351926564438
351917189763
351962553650
351913460651
351939465975
351934250538
351913111009
351926597571
351968126428
351937216823
351965388268
351913334989
351915209800
351966571923
351961497561
351916042225
351913596380
351918592805
351934750410
351963683802
351914557180
351966214259
351913320129
351919651999
351913340260
351966519408
351933422034
351966734014
351936365791
351912953002
351965162990
351963366599
351914238520
351911552473
351969405447
351920446466
351962712566
351912408225
351914764568
351966264416
351933331197
351917184631
351920423620
351938830939
351964170256
351910377825
351920586725
351968885400
351910286985
351919330580
351915265875
351936327159
351912146056
351916592986
351934617013
351964531469
351913323343
351965136622
351969081111
351915238621
351938694066
351932467248
351912712687
351962308459
351937097836
351920032669
351934288773
351962142361
351914912562
351911141491
351932615091
351913437131
351913492638
351910705426
351915356134
351967925180
351932848593
351913568177
351962118750
351934789508
351933253708
351938823536
351911180424
351936276634
351914474631
351912520860
351960004039
351968886172
351920571589
351964291402
351962951083
351935559440
351931139811
351914363677
351916175649
351933012805
351916566489
351968037744
351910253761
351934077819
351930561430
351914382322
351968910012
351933372185
351914775562
351966218040
351936066884
351918656884
351910681111
351918723240
351965301432
351936350823
351935413607
351964296032
351964443681
351932461474
351912648317
351935153341
351935901303
351969551001
351915145367
351914132890
351917157398
351918256898
351919940976
351968062850
351966757214
351919550330
351963096249
351938638208
351914446776
351960197929
351968017132
351933355550
351919460522
351925861123
351919437265
351917434464
351933139529
351962736272
351912725983
351935597028
351926942385
351912055786
351910512398
351924319824
351910652642
351966033117
351963034685
351916697514
351912468168
351967470166
351919233311
351962536195
351964032211
351939305252
351917607268
351917717290
351964587351
351934659630
351919070059
351920277283
351935871484
351960030974
351966982526
351965205510
351914862818
351968209828
351920018179
351966357331
351967905857
351917861220
351918478737
351916026891
351930460705
351936282458
351919282058
351965843259
351932547058
351961072521
351932560817
351912891528
351963624254
351966649565
351914873292
351935122695
351966407409
351919056819
351911564785
351916442065
351934855483
351939902810
351965480755
351912386235
351915634399
351961542836
351914311919
351912337718
351912505514
351932140398
351920167184
351960017561
351935517567
351920493841
351964412881
351965800973
351913772003
351966141631
351910586642
351919259693
351914085379
351916506290
351965146816
351925668447
351961174607
351916410099
351915995487
351915968162
351964271031
351967319759
351910264597
351910887308
351914337525
351919724880
351934400711
351920418585
351913754481
351913994448
351912702018
351919393879
351934733095
351925304583
351968941058
351967013127
351935442926
351918553372
351963258380
351919120244
351914179979
351967144466
351968877980
351911049633
351963815022
351968043551
351913764751
351966711767
351920407662
351962657035
351918882548
351934730958
351915766726
351962026578
351937925736
351962641693
351961323648
351914597191
351914888723
351919246899
351966706102
351967556977
351914755123
351913823662
351916706841
351968244730
351910016348
351919499970
351934854752
351911085491
351960301220
351938243689
351938311007
351910047285
351920232676
351913434570
351968004316
351963380324
351912677641
351933465930
351913691189
351932766088
351934482160
351913231447
351926603033
351918276820
351968157546
351966514004
351939900842
351926596476
351963112738
351913977185
351965279997
351913574435
351918415270
351964148169
351933261371
351912039688
351964140361
351916536244
351926178683
351933267684
351910164437
351933137199
351920365702
351912803657
351916345375
351938944479
351962117726
351917180599
351938454412
351937980794
351918831158
351937506921
351964241416
351917324213
351934049006
351917702327
351920378282
351933191082
351916615893
351913864443
351964339530
351933343782
351964713699
351916241400
351915952359
351935480018
351967937868
351963461129
351910177518
351911715105
351938985730
351964119506
351964236603
351918623969
351932451516
351965545503
351916311260
351934471014
351961113350
351967444774
351912135562
351912921761
351920417629
351968610720
351933554931
351914395036
351918980984
351938406308
351910131793
351969649663
351966702650
351966881141
351913050660
351965880647
351915455504
351935635399
351937461750
351926698790
351967678766
351925314751
351964403661
351914314942
351933085064
351925896835
351963309349
351932967934
351964941849
351914735592
351938595887
351917086627
351965088895
351913183030
351936010081
351913646645
351915855995
351964174727
351964416845
351966876497
351916939428
351963334443
351913674326
351916424608
351937605571
351913975988
351914384940
351935469527
351917770947
351938131162
351935542111
351937364347
351918612201
351936471366
351916592593
351916839912
351926847890
351965865298
351912154315
351919557348
351931650033
351966870093
351936733151
351961785026
351916605489
351961079274
351934864037
351912034341
351962663296
351918822893
351965891289
351926364467
351918298968
351937517518
351917252179
351938244599
351911510640
351933792191
351912225984
351910406117
351914034098
351917935778
351918267224
351964498873
351932961628
351912728043
351913315178
351964296006
351962767969
351937027032
351936748084
351918243592
351910524057
351917045616
351961644663
351913311274
351969077721
351932220782
351919309591
351969026901
351932109872
351919708153
351913338161
351910936506
351965523376
351917894695
351963265710
351914818113
351966787858
351965128542
351969286134
351916796068
351914479815
351910581215
351917490758
351939389789
351913231774
351968872467
351962562960
351919688080
351914518880
351966084502
351938818568
351965583819
351920433602
351967013726
351965304267
351919830862
351916470622
351939431748
351936890503
351913948024
351965847852
351967175333
351916313477
351915345465
351934298187
351936537517
351924139658
351965771164
351910163706
351936323170
351916788838
351920060262
351963264446
351935840840
351969038294
351963641614
351961026162
351916878063
351969656496
351969438380
351918766964
351965701174
351968357100
351962688098
351963927360
351911945757
351916824697
351919474457
351936302511
351937470606
351967484720
351968228837
351918782100
351917756667
351913158873
351963449788
351911509903
351916802350
351918503467
351917003550
351966654827
351966926869
351913346118
351937784626
351916544728
351917672267
351910174409
351916468999
351915796874
351915987343
351933862654
351968634669
351916573635
351916316083
351933257894
351912986938
351915477882
351937464344
351913059954
351938932840
351916518190
351915140743
351918395319
351912445163
351916925005
351913323125
351963902119
351937715815
351961367648
351910210818
351920242829
351933552237
351911513617
351915071339
351925470961
351912330499
351919191906
351912636460
351914495556
351962887941
351933168947
351913084995
351960282329
351915355342
351968223307
351912480858
351910071192
351917084916
351967220623
351932422989
351934298217
351915871937
351968647044
351915226595
351939485172
351962720619
351910752464
351925782755
351910753010
351912492883
351968067481
351917250666
351914773460
351966025687
351914472975
351912585323
351962546546
351912641268
351962138211
351969384191
351912850150
351962438529
351912442376
351965268700
351914212013
351938704216
351935015577
351965678923
351919437232
351939983893
351912542012
351917247264
351926641609
351914079395
351934862587
351935214046
351912023014
351917176407
351937057741
351918622757
351937374698
351964222954
351969010851
351962922927
351967793792
351965679391
351924279732
351919106416
351911817161
351962405396
351918657723
351919220556
351968489191
351917866840
351936363187
351936198822
351918716798
351936195505
351965206559
351930487110
351960013101
351918824743
351916714122
351914216405
351964209206
351968695329
351968206858
351962331484
351916736931
351914373850
351918089990
351919706830
351915481782
351936322923
351936881100
351932469657
351960202949
351913357551
351967090550
351912657234
351913558410
351968572030
351934285093
351916333515
351966268650
351932023552
351966523778
351916076756
351962894284
351925663460
351966150839
351917207061
351917289152
351966371267
351913958362
351910700459
351917962669
351912034316
351920034936
351961015367
351969292982
351917105028
351920433691
351961350850
351960459857
351926538980
351933791949
351937640746
351910205097
351962317994
351916470859
351934507605
351910345501
351963162027
351910030684
351965303413
351913260899
351930479594
351915990415
351961055484
351916391664
351918642429
351917380294
351962636025
351924469350
351966174239
351925020211
351936714835
351918200057
351962644533
351964943941
351912709123
351967719832
351916880703
351967757124
351913981886
351965894240
351967717635
351968431455
351911755221
351918678442
351914610958
351926987626
351917692616
351965431168
351965608594
351967800823
351965891757
351912292568
351912571972
351938418878
351918121505
351964216083
351965445049
351911500451
351926804232
351926843959
351914490275
351966509372
351920406776
351916020174
351911101030
351913421978
351960310710
351919999444
351966952425
351963164163
351915559467
351912111002
351920492311
351917435080
351968500408
351966981893
351915472131
351967867890
351920491018
351918476411
351920208422
351966093521
351916499168
351933794825
351969230441
351911753115
351960383968
351926843958
351932129004
351969042382
351912092605
351912800183
351914268896
351910726196
351933566046
351939991508
351968295011
351966467221
351917567674
351919651175
351911792867
351916143250
351937153731
351969904669
351915039407
351912270468
351939576999
351962186380
351964132225
351937155045
351912569755
351911981224
351931144031
351920279294
351960394660
351965682274
351966995851
351926652635
351913010927
351910481203
351934729222
351925638395
351962595636
351912723911
351920397893
351939580200
351919726435
351965509936
351926877697
351915796970
351934440760
351920199603
351969601471
351916169243
351967345179
351938353589
351938170177
351914085979
351917102939
351920571817
351966230489
351919393437
351919557066
351962483284
351912395994
351931163425
351966220158
351911792672
351967448756
351918337343
351918314019
351917282849
351965308044
351939355031
351930505321
351931978518
351962852847
351965473883
351932107047
351913212848
351968058730
351934296789
351913522105
351933304919
351913050043
351939064799
351964161266
351915074945
351963248042
351932256313
351962615679
351967083257
351963732940
351917499595
351912196111
351960382825
351917497272
351911547474
351967384685
351965480762
351916729857
351911701359
351933404391
351914010310
351963487272
351915790269
351911771691
351964764764
351912341805
351961276066
351935278078
351931670886
351915640202
351965121008
351925845560
351918286294
351917969742
351967143710
351966601058
351916710288
351912586331
351925550693
351911017703
351934439066
351962528580
351965651793
351965303314
351930416192
351967948664
351911059072
351916766014
351914118793
351918160913
351913437617
351910955292
351914771847
351915047757
351924289905
351910425821
351935831218
351966202407
351967024413
351932054754
351910105646
351918691082
351935815226
351934461317
351964252978
351967012245
351962199497
351914332393
351914117489
351963687828
351968158299
351916292212
351934532700
351963366577
351912811216
351969629243
351965528791
351911031142
351962196794
351919469726
351967557902
351920384335
351917129852
351917168178
351964754386
351916960797
351934466422
351967255997
351968199366
351963558149
351918925904
351926597569
351910874367
351939866672
351914668664
351968850063
351912888814
351962603460
351937912244
351932111357
351919428544
351931609505
351926876278
351932128673
351919248214
351967821817
351939209719
351932213900
351910640516
351932658592
351919162353
351964436398
351919519494
351968011777
351966928663
351967033278
351969614328
351914291626
351963107055
351965583718
351911525913
351967134451
351969880462
351934429118
351925460733
351960348815
351962330722
351961055554
351963838850
351912587791
351918283856
351912373421
351910531032
351937379748
351932718952
351968561978
351969403361
351919511685
351963313661
351961034248
351965009019
351961561503
351963162978
351920373032
351966237748
351914279449
351912656230
351939056693
351962124889
351918627870
351933391157
351960257754
351936263689
351919760444
351911964395
351918989122
351916314164
351935336434
351911035846
351917971606
351964075644
351914003058
351914655504
351962443532
351962095681
351910818497
351919046913
351961743410
351916568688
351913773890
351919403354
351961440887
351914444121
351968023973
351938126273
351916599394
351963208007
351969008082
351936510232
351919297671
351913019475
351938932820
351965373749
351932503886
351920198346
351933794322
351914898385
351920044846
351960233798
351914305433
351966101952
351920127397
351962712713
351937584624
351966456564
351965584880
351936406372
351960131705
351931311667
351962661605
351968446601
351932078292
351913011487
351939400395
351967960220
351919455057
351916367113
351932103274
351968632171
351938464868
351963943291
351963548460
351934182547
351935737916
351937598862
351919977605
351937243207
351937062958
351914505271
351914562414
351910179477
351965632722
351962616335
351917398972
351962536755
351916402153
351961049225
351962723350
351910344495
351961866666
351919395671
351962301198
351910135970
351962998097
351926417917
351967635591
351934909009
351935984920
351939707288
351936400458
351915912350
351919176921
351912990305
351916296155
351963303255
351930533703
351962857034
351961430061
351916813088
351912914027
351960363594
351917976577
351917038930
351924401038
351920045942
351935422288
351919040648
351926780575
351965398219
351932546454
351966100201
351912001566
351912410083
351965891352
351935136734
351925844825
351911034082
351912348944
351935788665
351962787682
351915356689
351916847153
351911120243
351962545021
351912696705
351967063686
351930412460
351961580475
351913449102
351966617968
351912804388
351963310647
351964780610
351935618402
351924144322
351962447028
351964200279
351920490210
351919243322
351963974076
351910973087
351915569887
351964721546
351912817487
351935247129
351965371121
351967593833
351924051737
351920351578
351963743784
351962353906
351965168714
351926086130
351913591986
351914329703
351967234923
351914546020
351964418451
351915646262
351961414257
351961703002
351913148427
351932951131
351918052678
351919610218
351911994558
351961753665
351962409223
351966033088
351934200315
351969659274
351925620832
351961948443
351917384917
351969413165
351910316982
351962210174
351965136823
351965892644
351910040427
351910168493
351918666821
351935737087
351914139647
351967383872
351925731493
351924266541
351968260934
351968629291
351936653465
351968469013
351911746168
351917414595
351963401764
351939026355
351934526718
351914544082
351967777628
351962543525
351932888372
351916263444
351918643770
351910831764
351916443917
351964237102
351965249336
351968511437
351917736775
351912999525
351963601521
351961214519
351961197527
351934247838
351916490642
351924425245
351911789429
351925104585
351965413470
351913081633
351965521180
351963966243
351913623339
351913176355
351966440782
351963028730
351966165917
351910632363
351933522247
351965330910
351926952696
351913713788
351920423143
351926561826
351967948592
351962562020
351933904687
351963710222
351935064181
351910913589
351968045388
351913396014
351966574448
351919837710
351937694610
351916102005
351968409869
351964799442
351935288068
351919587312
351917029774
351938937259
351915367796
351913348431
351965448885
351935364025
351913488157
351967709475
351916618231
351911054452
351920371837
351919374960
351918836239
351914276888
351968217629
351915479521
351917848838
351916260629
351918203707
351917454642
351915942126
351935537085
351968430911
351961465686
351965638874
351916019376
351967663623
351964338337
351933147711
351912318263
351965641734
351963293214
351912710933
351912769113
351915732837
351912479558
351968869965
351913324817
351917152574
351920587976
351913524935
351917875442
351960385395
351965487522
351966279111
351932431821
351912201371
351912916336
351914745330
351919744025
351910505781
351913645415
351914755501
351936393352
351967180643
351920387737
351930463176
351914384349
351913577148
351932123949
351918533078
351917888588
351914139896
351934408156
351927123291
351962219074
351912693840
351925601481
351968106560
351916040047
351966377997
351939630020
351914218499
351920078036
351965054974
351916081045
351968143300
351933191030
351966026853
351917000527
351935155040
351968853306
351962758095
351911168063
351920219536
351934054020
351915694009
351919389520
351935318028
351962809423
351939320628
351967575525
351914742906
351916836222
351966157393
351917372677
351920082131
351934411944
351964722507
351920574321
351934321116
351967073851
351919658715
351967591492
351926150943
351963681067
351938291778
351964688237
351917549552
351963304523
351963886849
351914864361
351934502602
351964459838
351966866612
351960287217
351962455133
351917216977
351926084709
351961051382
351924470069
351965090062
351937784448
351917019212
351930422211
351914343191
351915593096
351932531904
351963535178
351967801049
351935136962
351919651222
351967230910
351934528588
351938584900
351919046041
351913724890
351920371666
351911177939
351936232112
351936868091
351913371675
351916714113
351918555099
351963151720
351962602123
351916087017
351967147087
351938995920
351918252070
351913632879
351962821852
351910825975
351935823814
351968650712
351968841261
351964279832
351964118787
351967280424
351960153095
351911787197
351910020082
351916232852
351966205838
351920066490
351914161842
351933273489
351913548613
351963736089
351913964197
351966364445
351912654425
351961130423
351915288947
351912153495
351912838037
351913431778
351935829783
351963843502
351917567568
351914555532
351910707414
351912241638
351910098014
351967592488
351920403680
351917882664
351965122815
351963919365
351969374339
351911792480
351969791270
351966107497
351932508114
351967457896
351926944384
351914589102
351934765140
351918252861
351910047319
351962482734
351963833738
351924272323
351920033092
351916479116
351962314550
351967665545
351964601408
351920235609
351934736053
351917581516
351930471404
351910025725
351918652661
351915907879
351913333813
351925756980
351911085750
351911149109
351932057492
351914311911
351932614047
351912911865
351964232375
351925297142
351915498904
351932677061
351968483107
351933257716
351964979689
351968880194
351960418261
351913555533
351925096451
351920392836
351963828378
351966114898
351936172798
351920410331
351920106837
351910156889
351917787788
351961305953
351912490288
351920400714
351918312606
351963521421
351914291030
351918196208
351934881579
351963452284
351914523464
351913484315
351967833201
351919361363
351911916724
351926727268
351925678395
351961097149
351915258366
351968158190
351968228009
351916612963
351912775258
351962446545
351964718643
351933434041
351910135613
351965418432
351911097918
351915606608
351964665458
351938981703
351932788627
351966687555
351932110695
351966421360
351910998966
351920395227
351934874666
351915118044
351925621779
351913039862
351912757236
351911998343
351918616211
351939915251
351912343989
351965629366
351934061339
351910369159
351913407819
351964923129
351961185173
351920201485
351920252304
351969774053
351962800600
351917611439
351919114024
351933306419
351962781812
351968687426
351919036174
351969608326
351968746803
351965359941
351963121045
351933924198
351918085952
351916788733
351963325790
351962511384
351934039452
351916331472
351934739027
351962225417
351932843765
351965359322
351964594455
351963908876
351968986992
351932838147
351914816178
351965025356
351917678418
351918711253
351920321030
351937567989
351913651478
351919591351
351933925044
351937815914
351964445341
351968914543
351966626017
351926146848
351962546531
351918139967
351918500183
351913031148
351965436982
351963351302
351913400709
351969397264
351961485222
351962676194
351936218085
351925991714
351911991040
351918139018
351912140455
351932138756
351912277948
351935982658
351919934767
351964940032
351962447892
351966245410
351967409180
351934634467
351960261779
351911845852
351930407902
351916893613
351913829223
351962934564
351964363721
351911878745
351915130000
351965095494
351966760980
351910495326
351912926117
351934588762
351911758631
351961975924
351915264712
351911702376
351912789061
351912947505
351911852683
351933129944
351916846877
351935519915
351963322917
351914548512
351966139585
351916451055
351932077119
351967671535
351926928804
351938586543
351920188912
351969958451
351918796956
351965252099
351915374949
351917728340
351912194385
351963674494
351926956361
351919768221
351918083214
351968414120
351918829788
351927188484
351936473472
351963976630
351915496180
351913344533
351919276931
351932229781
351939052787
351910478427
351926004884
351964640511
351968685530
351935411458
351965436245
351968324055
351911120101
351910954403
351910679383
351912103844
351968772154
351924360598
351962424671
351914058803
351912891403
351964605909
351926007543
351916126339
351938452830
351936599505
351912652640
351914322831
351911011670
351966505019
351916290132
351968093464
351910669911
351934206741
351965639220
351939355135
351933145209
351932676907
351916563154
351915872386
351933076251
351965864666
351918415160
351932165904
351916012898
351933726017
351962519220
351932118256
351912821838
351912673801
351915126053
351936968479
351913191721
351913434944
351913752442
351966151786
351919043801
351916480745
351967323880
351915246917
351914963223
351917657804
351913078187
351968294266
351917392873
351962314875
351917812591
351916090964
351914815344
351960234711
351919903230
351910099936
351934789426
351965756959
351919689390
351912129526
351935786309
351964749124
351969282312
351962490187
351962495141
351913353715
351912118733
351919937281
351963582364
351916760628
351919550505
351910331669
351915062276
351936806900
351919329930
351916914367
351912527235
351963922305
351932328767
351963704744
351919642396
351965232278
351967543145
351920216233
351933877917
351967703700
351916335918
351969825114
351918456370
351920544645
351964139059
351934180853
351964813261
351910429402
351917169983
351968152170
351961457174
351962639749
351926561389
351916267180
351965888921
351961548167
351914661650
351961897403
351967231863
351968800511
351968992834
351920239984
351920152433
351932461185
351915790476
351933831223
351926013314
351916273553
351967743551
351965242420
351961618999
351920469239
351916691111
351917961828
351962533159
351919029841
351962439050
351939907345
351964678538
351966857078
351939605157
351932589165
351965527800
351916654508
351936293350
351916054939
351962855398
351925171922
351961917332
351969496854
351938516346
351963410100
351967438599
351911763640
351961126631
351913290278
351910443001
351938813913
351939638923
351914826770
351910839136
351965809330
351910848915
351910838095
351965764998
351960317841
351962149607
351936575005
351968435843
351938482169
351915110967
351963985168
351912623357
351938456190
351932763943
351933819205
351937696292
351962145078
351920217424
351963893462
351935511466
351918201052
351968139033
351911730114
351910287282
351918163153
351918683519
351912031187
351934748547
351911176836
351920289009
351916698719
351930585446
351912852011
351962354681
351962708677
351911728275
351938274451
351915971678
351924373078
351920197543
351918161880
351960270752
351969493267
351967111969
351962893266
351968896496
351938416835
351963077779
351918069753
351938652833
351912480420
351917203800
351961771122
351966661980
351933803758
351914623014
351935181340
351936277871
351912015527
351910403688
351939021818
351962870525
351917194500
351913131700
351918026852
351926148002
351920407140
351915596581
351930651347
351917195569
351926707362
351935145014
351969045288
351916704790
351926131036
351967810697
351934090433
351962093387
351917019299
351934399218
351963602674
351934199864
351911111225
351936291181
351919611863
351917630077
351914474997
351966233533
351965232951
351937236431
351934778376
351914158727
351919357448
351964366124
351965775569
351919607275
351936319694
351936553669
351919359446
351920347533
351936911176
351914919339
351913078234
351969293617
351920369683
351912492711
351960005333
351910540218
351913619132
351916068738
351920141084
351916354713
351924434280
351963726467
351912994510
351916918788
351966051100
351910343814
351963025871
351963817765
351917846247
351918134801
351919490003
351935882530
351912860530
351916873586
351934758179
351916315866
351964525256
351910405848
351936514664
351939384532
351968211786
351968869369
351962618237
351915881091
351914347969
351963120961
351967936907
351932150033
351967436067
351960140497
351911841047
351912115446
351924290325
351912447709
351916272763
351911525384
351915874447
351912719630
351937640946
351926963694
351961590644
351913649393
351961699201
351965492626
351936717799
351917469134
351919091815
351917714155
351965658404
351912412518
351919507569
351936548244
351916088587
351915040644
351934244659
351964253850
351961808595
351914608385
351913933494
351920484718
351925592832
351937473264
351917371733
351961401530
351935423505
351967031045
351917582971
351967394359
351912930435
351925247383
351935719469
351967884134
351914573261
351967549537
351968071039
351961250109
351914783009
351926810041
351920436067
351939519364
351930577511
351965794563
351912964120
351913614321
351912827528
351964842966
351913259819
351966277476
351915934662
351915782358
351918212702
351920408391
351967808475
351938673794
351964814371
351966604164
351933327407
351968826000
351916148758
351926450732
351936601725
351961830200
351964765536
351914231956
351914759547
351913176415
351967171687
351916458748
351939055350
351919085823
351934851920
351934767477
351938841644
351962321140
351936872708
351919492686
351962235965
351924102631
351938019766
351966199033
351914152219
351936750280
351931462324
351912938110
351937973971
351914733995
351925003498
351937921401
351914516126
351914486177
351934243638
351913844431
351965711879
351962143640
351915370323
351965887780
351915880457
351964447808
351917015780
351919658932
351932883833
351914690293
351965769736
351911541518
351966866385
351966237172
351914557138
351933951207
351919711840
351964486405
351936308217
351962087881
351912754455
351917050814
351916564410
351965697855
351961675606
351919151551
351967358570
351918086932
351915487141
351910644171
351917721205
351913519747
351962733066
351920545993
351918486337
351969248993
351961341612
351961901932
351917278647
351933901032
351918192791
351965673935
351938717672
351919040670
351914444782
351967500039
351919998758
351913013581
351964329089
351910023290
351965306173
351917790122
351916350745
351919012097
351963972886
351915806077
351935793410
351915541893
351916072492
351916888397
351917894558
351962111816
351910195204
351962352824
351963554903
351934162040
351930528065
351938355553
351914486253
351918121534
351910299806
351966683763
351969353097
351939166836
351916256610
351914216559
351926946338
351965094998
351913538907
351924255614
351911812304
351919748935
351938183687
351938535522
351934584158
351934175162
351927125926
351924186897
351936906098
351910681801
351915600942
351933908353
351919197025
351912948521
351966384492
351968524908
351967846386
351968479675
351962955439
351938675849
351919697816
351967452601
351915255443
351912097789
351920436228
351930430905
351933822661
351913385073
351938803132
351934151776
351968402540
351924307810
351966876338
351913444086
351961069552
351916016412
351911006677
351918600683
351925155525
351961237194
351914070442
351966067280
351932442386
351935414224
351910120209
351915627669
351969439646
351911712725
351969652086
351964872251
351966411082
351911525894
351920467122
351910561248
351913982232
351919070263
351968071954
351917331240
351937880723
351933725022
351933563965
351934201567
351918720782
351963065003
351933267925
351915155148
351961402072
351960343182
351917309530
351963645042
351939899756
351967797634
351966876263
351967431961
351932819157
351938699225
351962641029
351960294495
351912526273
351962398203
351961886227
351964314303
351912579193
351938448397
351963453450
351963222142
351912089185
351968886174
351920294252
351936081218
351966404229
351964756651
351915305132
351919701802
351916014070
351968909198
351967716137
351968532069
351961560822
351933415311
351920044040
351914150505
351967987529
351918963552
351934262766
351963700608
351913554888
351935628345
351925768890
351916599880
351924181223
351964645567
351917274311
351913656445
351962751866
351967907753
351968467954
351912590091
351933706778
351910642817
351961868763
351935316322
351925714188
351933490874
351912087797
351965409677
351911912563
351918255624
351913446235
351913233284
351962007297
351935814225
351964212646
351932074267
351918127740
351965710806
351967422810
351964731596
351910405466
351916527068
351937733686
351965461382
351913228330
351912354541
351964747175
351966062193
351914850299
351963647722
351916923119
351914205496
351919933382
351969097401
351917166765
351910817215
351962672198
351934461586
351932521302
351910766892
351912278334
351937155702
351964448391
351919831624
351966196222
351964454035
351963855513
351912650035
351920424656
351968489712
351914408069
351917696982
351966719167
351920542343
351925566675
351969904519
351912929897
351963421060
351915947121
351933658522
351964781859
351925629964
351968809413
351932301393
351927195652
351962149939
351932124389
351917329868
351966521130
351965537351
351932788491
351938467715
351916915038
351938682911
351963361020
351917568758
351919184368
351937722572
351919330888
351911054442
351961028941
351967655185
351965483776
351962515988
351938258752
351934896185
351962311799
351911016238
351962034950
351967222279
351919126363
351920177371
351912655332
351914637356
351965803429
351967186736
351926117835
351914485963
351934808270
351912375774
351935184523
351961583414
351917705958
351919168361
351964216640
351932468506
351936397025
351924145228
351960001803
351964819422
351918299037
351963683649
351932491990
351912223321
351917336329
351919231580
351926440503
351920089548
351935720513
351934254965
351934601024
351913883096
351935410572
351938509525
351913323227
351910889181
351938501826
351920222247
351934733446
351964420772
351910797077
351918158161
351933480529
351935050127
351910055986
351920541988
351966475112
351966344272
351932228442
351915325595
351932000447
351919098393
351911121708
351910072538
351934645163
351961662660
351919888712
351960316270
351917318883
351964031947
351925454062
351910561571
351961658043
351936870210
351932270436
351969220096
351934550600
351963421704
351961251971
351964993499
351935535343
351969346027
351912519622
351935233112
351925586909
351961044665
351918833528
351915001409
351912744064
351938874115
351914794617
351968650414
351968534262
351965234661
351911745172
351913296841
351963696629
351966147286
351919282593
351936302067
351915686312
351932156479
351911756861
351917740002
351966546696
351936311886
351966023284
351918823015
351939569734
351914029356
351961653835
351965523551
351966007953
351910064196
351915095868
351968083247
351963990902
351910418733
351966772206
351915710028
351913577951
351918092802
351961338826
351925577633
351939421067
351938888072
351969426111
351932471318
351912416000
351967903364
351912705181
351964962367
351911572301
351932202670
351961035172
351914392775
351917156715
351964606248
351925838353
351967217535
351915882257
351913754171
351937816874
351910408548
351932559846
351966539631
351917573710
351934024944
351964072331
351916235461
351935347632
351969348209
351917216083
351913427001
351924135555
351932338217
351968649577
351938337394
351939512520
351933334250
351962310107
351935270076
351912369311
351916523405
351963690949
351966304314
351914807182
351915105829
351935427707
351937205011
351932784455
351910289239
351912801653
351963727320
351916689402
351966934778
351931608098
351910788665
351932614466
351966254316
351964040786
351914637497
351911539718
351913685201
351963289670
351914734303
351912675899
351913788741
351910831319
351910432904
351930531343
351968287268
351910879252
351924402026
351910727704
351937743608
351918507939
351911976972
351932113255
351967922185
351969188751
351962238650
351961261304
351913111999
351963736714
351919539511
351912675083
351967979740
351918778774
351918999444
351963143184
351919671808
351915170817
351910653406
351918742038
351968413546
351910274551
351968983469
351918600148
351961555233
351938236763
351926329198
351960229573
351912648033
351937670223
351937489202
351964890933
351969523563
351913141935
351925828347
351965704466
351966370240
351910674454
351918476967
351926139148
351916432595
351932688722
351919280499
351965792223
351930545851
351919537202
351966538780
351966952796
351918058908
351914228881
351910913459
351913627452
351966102387
351919738707
351961356137
351935144734
351917211298
351969664702
351912222286
351964798728
351963663892
351967854767
351915526437
351967923841
351912075997
351960335010
351933159719
351963725683
351939030716
351962446766
351938202309
351969890640
351931017534
351968649208
351912032033
351968644741
351960488451
351933828488
351917543512
351911110505
351961909688
351913380576
351935093850
351912798792
351933947101
351961266112
351939603809
351910338434
351915871710
351969080389
351911119093
351925514324
351916967828
351918810914
351910622752
351916704913
351933557068
351924274512
351920575413
351963705744
351965750165
351916432496
351919868027
351916623079
351914206854
351927142813
351930616870
351924178458
351912460573
351934742011
351911191985
351911878824
351933968359
351910188290
351910574389
351918757978
351918257020
351919167240
351915864665
351966584366
351936150031
351912277690
351911944975
351937058030
351966025033
351962636527
351965279471
351962427457
351931186977
351914914895
351912355749
351915056290
351930428272
351932746622
351964581578
351964414860
351962626085
351933343336
351918675368
351963280891
351962974768
351917263888
351969508642
351919869412
351912721374
351925296535
351961039321
351912759531
351966176906
351912253398
351963033550
351919856200
351915791857
351910118736
351913159948
351910573860
351961212502
351966536756
351968084343
351916741359
351965074255
351934483727
351938940753
351915871340
351933538815
351917321729
351914534816
351915445842
351910425586
351915337098
351914095173
351913019724
351910836896
351936110967
351931378779
351967505329
351963982302
351911195657
351964038123
351915350279
351919732048
351968128377
351913457527
351925596236
351920166188
351931134542
351967317200
351934407744
351914951352
351914355469
351932207165
351968172121
351919157515
351925752955
351939206505
351917338640
351932258368
351960244289
351918411609
351967987019
351966338391
351965432752
351935473108
351963878746
351937083000
351969013129
351969810341
351965542189
351964075013
351913307820
351964133674
